[summary]
success: True
mode: exec
filename: <mcp-idapython-exec-job>
persist_globals: True
result_var: RESULT
result_var_found: True
result_type: str
result_repr: 'done'

[stdout]
800572BC:
00000001 00000001 00000001 00000001 00000001 00000001 00000001 00000001 00000001 00000001 00000001 00000001 00000001 00000001 00000001 00000001
00000000 00000000 00000001 00000001 00000001 00000001 00000001 00000001 00000001 00000001 00000001 00000001 00000001 00000001 00000001 00000001
00000000 00000000 00000003 00000000 00000000 00000000 00000000 00000000 00000000 00000000 00000000 00000000 00000000 00000002 00000001 00000000
00000000 00000000 00000001 00000000 00000001 00000000 00000000 00000000 00000000 00000000 00000000 00000000 00000000 00000000 00000000 00000000
800571BC:
00000000 00000000 00000000 00000000 00000000 00000000 00000000 00000001 00000001 00000001 00000001 00000000 00000000 00000000 00000000 00000000
00000000 00000000 00000001 00000000 00000000 00000001 00000001 00000000 00000000 00000000 00000001 00000000 00000000 00000000 00000000 00000000
00000000 00000000 00000000 00000001 00000001 00000001 00000001 00000000 00000000 00000000 00000000 00000000 00000000 00000000 00000000 00000000
00000000 00000000 00000000 00000000 00000000 00000001 00000001 00000000 00000000 00000000 00000000 00000001 00000000 00000000 00000000 00000000


[console]
800572BC:
00000001 00000001 00000001 00000001 00000001 00000001 00000001 00000001 00000001 00000001 00000001 00000001 00000001 00000001 00000001 00000001
00000000 00000000 00000001 00000001 00000001 00000001 00000001 00000001 00000001 00000001 00000001 00000001 00000001 00000001 00000001 00000001
00000000 00000000 00000003 00000000 00000000 00000000 00000000 00000000 00000000 00000000 00000000 00000000 00000000 00000002 00000001 00000000
00000000 00000000 00000001 00000000 00000001 00000000 00000000 00000000 00000000 00000000 00000000 00000000 00000000 00000000 00000000 00000000
800571BC:
00000000 00000000 00000000 00000000 00000000 00000000 00000000 00000001 00000001 00000001 00000001 00000000 00000000 00000000 00000000 00000000
00000000 00000000 00000001 00000000 00000000 00000001 00000001 00000000 00000000 00000000 00000001 00000000 00000000 00000000 00000000 00000000
00000000 00000000 00000000 00000001 00000001 00000001 00000001 00000000 00000000 00000000 00000000 00000000 00000000 00000000 00000000 00000000
00000000 00000000 00000000 00000000 00000000 00000001 00000001 00000000 00000000 00000000 00000000 00000001 00000000 00000000 00000000 00000000


[result]
"done"
